{
 "cells": [
  {
   "cell_type": "code",
   "execution_count": 15,
   "id": "c80c181c",
   "metadata": {},
   "outputs": [
    {
     "name": "stdout",
     "output_type": "stream",
     "text": [
      "/storage/lab/solar-energy-prediction\n"
     ]
    }
   ],
   "source": [
    "%cd /storage/lab/solar-energy-prediction/"
   ]
  },
  {
   "cell_type": "code",
   "execution_count": 16,
   "id": "65549373",
   "metadata": {},
   "outputs": [
    {
     "name": "stdout",
     "output_type": "stream",
     "text": [
      "BIOMASS vs FOSSIL_GAS average diff : -3428.3170002400857\n",
      "BIOMASS vs FOSSIL_HARD_COAL average diff : 2237.045767039874\n",
      "BIOMASS vs FOSSIL_OIL average diff : 2237.045767039874\n",
      "BIOMASS vs HYDRO_PUMPED_STORAGE average diff : 2237.045767039874\n",
      "BIOMASS vs HYDRO_RUN_OF_RIVER_AND_POUNDAGE average diff : -126597.78684767663\n",
      "BIOMASS vs HYDRO_WATER_RESERVOIR average diff : -21354.53652574372\n",
      "BIOMASS vs NUCLEAR average diff : 1118.6258675629665\n",
      "BIOMASS vs TOTAL average diff : 6068.297579817995\n",
      "BIOMASS vs WASTE average diff : 2237.045767039874\n",
      "BIOMASS vs WIND_OFFSHORE average diff : -35399032.34170723\n",
      "FOSSIL_GAS vs BIOMASS average diff : 3428.3170002400857\n",
      "FOSSIL_GAS vs FOSSIL_HARD_COAL average diff : 5664.741701041053\n",
      "FOSSIL_GAS vs FOSSIL_OIL average diff : 5664.741701041053\n",
      "FOSSIL_GAS vs HYDRO_PUMPED_STORAGE average diff : 5664.741701041053\n",
      "FOSSIL_GAS vs HYDRO_RUN_OF_RIVER_AND_POUNDAGE average diff : -123203.23045357314\n",
      "FOSSIL_GAS vs HYDRO_WATER_RESERVOIR average diff : -17931.165146025232\n",
      "FOSSIL_GAS vs NUCLEAR average diff : 4546.632327906063\n",
      "FOSSIL_GAS vs SOLAR average diff : 3428.3170002400857\n",
      "FOSSIL_GAS vs TOTAL average diff : 9494.751543984463\n",
      "FOSSIL_GAS vs WASTE average diff : 5664.741701041053\n",
      "FOSSIL_GAS vs WIND_OFFSHORE average diff : -35401350.34705549\n",
      "FOSSIL_GAS vs WIND_ONSHORE average diff : 3428.3170002400857\n",
      "FOSSIL_HARD_COAL vs BIOMASS average diff : -2237.045767039874\n",
      "FOSSIL_HARD_COAL vs FOSSIL_GAS average diff : -5664.741701041053\n",
      "FOSSIL_HARD_COAL vs HYDRO_RUN_OF_RIVER_AND_POUNDAGE average diff : -128811.70693380476\n",
      "FOSSIL_HARD_COAL vs HYDRO_WATER_RESERVOIR average diff : -23587.664505990964\n",
      "FOSSIL_HARD_COAL vs NUCLEAR average diff : -1118.522883519937\n",
      "FOSSIL_HARD_COAL vs SOLAR average diff : -2237.045767039874\n",
      "FOSSIL_HARD_COAL vs TOTAL average diff : 3832.075595225105\n",
      "FOSSIL_HARD_COAL vs WIND_OFFSHORE average diff : -35397487.17344333\n",
      "FOSSIL_HARD_COAL vs WIND_ONSHORE average diff : -2237.045767039874\n",
      "FOSSIL_OIL vs BIOMASS average diff : -2237.045767039874\n",
      "FOSSIL_OIL vs FOSSIL_GAS average diff : -5664.741701041053\n",
      "FOSSIL_OIL vs HYDRO_RUN_OF_RIVER_AND_POUNDAGE average diff : -128811.70693380476\n",
      "FOSSIL_OIL vs HYDRO_WATER_RESERVOIR average diff : -23587.664505990964\n",
      "FOSSIL_OIL vs NUCLEAR average diff : -1118.522883519937\n",
      "FOSSIL_OIL vs SOLAR average diff : -2237.045767039874\n",
      "FOSSIL_OIL vs TOTAL average diff : 3832.075595225105\n",
      "FOSSIL_OIL vs WIND_OFFSHORE average diff : -35397487.17344333\n",
      "FOSSIL_OIL vs WIND_ONSHORE average diff : -2237.045767039874\n",
      "HYDRO_PUMPED_STORAGE vs BIOMASS average diff : -2237.045767039874\n",
      "HYDRO_PUMPED_STORAGE vs FOSSIL_GAS average diff : -5664.741701041053\n",
      "HYDRO_PUMPED_STORAGE vs HYDRO_RUN_OF_RIVER_AND_POUNDAGE average diff : -128811.70693380476\n",
      "HYDRO_PUMPED_STORAGE vs HYDRO_WATER_RESERVOIR average diff : -23587.664505990964\n",
      "HYDRO_PUMPED_STORAGE vs NUCLEAR average diff : -1118.522883519937\n",
      "HYDRO_PUMPED_STORAGE vs SOLAR average diff : -2237.045767039874\n",
      "HYDRO_PUMPED_STORAGE vs TOTAL average diff : 3832.075595225105\n",
      "HYDRO_PUMPED_STORAGE vs WIND_OFFSHORE average diff : -35397487.17344333\n",
      "HYDRO_PUMPED_STORAGE vs WIND_ONSHORE average diff : -2237.045767039874\n",
      "HYDRO_RUN_OF_RIVER_AND_POUNDAGE vs BIOMASS average diff : 126597.78684767663\n",
      "HYDRO_RUN_OF_RIVER_AND_POUNDAGE vs FOSSIL_GAS average diff : 123203.23045357314\n",
      "HYDRO_RUN_OF_RIVER_AND_POUNDAGE vs FOSSIL_HARD_COAL average diff : 128811.70693380476\n",
      "HYDRO_RUN_OF_RIVER_AND_POUNDAGE vs FOSSIL_OIL average diff : 128811.70693380476\n",
      "HYDRO_RUN_OF_RIVER_AND_POUNDAGE vs HYDRO_PUMPED_STORAGE average diff : 128811.70693380476\n",
      "HYDRO_RUN_OF_RIVER_AND_POUNDAGE vs HYDRO_WATER_RESERVOIR average diff : 105425.80898729202\n",
      "HYDRO_RUN_OF_RIVER_AND_POUNDAGE vs NUCLEAR average diff : 127704.84962241913\n",
      "HYDRO_RUN_OF_RIVER_AND_POUNDAGE vs SOLAR average diff : 126597.78684767663\n",
      "HYDRO_RUN_OF_RIVER_AND_POUNDAGE vs TOTAL average diff : 132596.71344084849\n",
      "HYDRO_RUN_OF_RIVER_AND_POUNDAGE vs WASTE average diff : 128811.70693380476\n",
      "HYDRO_RUN_OF_RIVER_AND_POUNDAGE vs WIND_OFFSHORE average diff : -35485777.591073185\n",
      "HYDRO_RUN_OF_RIVER_AND_POUNDAGE vs WIND_ONSHORE average diff : 126597.78684767663\n",
      "HYDRO_WATER_RESERVOIR vs BIOMASS average diff : 21354.53652574372\n",
      "HYDRO_WATER_RESERVOIR vs FOSSIL_GAS average diff : 17931.165146025232\n",
      "HYDRO_WATER_RESERVOIR vs FOSSIL_HARD_COAL average diff : 23587.664505990964\n",
      "HYDRO_WATER_RESERVOIR vs FOSSIL_OIL average diff : 23587.664505990964\n",
      "HYDRO_WATER_RESERVOIR vs HYDRO_PUMPED_STORAGE average diff : 23587.664505990964\n",
      "HYDRO_WATER_RESERVOIR vs HYDRO_RUN_OF_RIVER_AND_POUNDAGE average diff : -105425.80898729202\n",
      "HYDRO_WATER_RESERVOIR vs NUCLEAR average diff : 22471.203457156575\n",
      "HYDRO_WATER_RESERVOIR vs SOLAR average diff : 21354.53652574372\n",
      "HYDRO_WATER_RESERVOIR vs TOTAL average diff : 27411.081771162953\n",
      "HYDRO_WATER_RESERVOIR vs WASTE average diff : 23587.664505990964\n",
      "HYDRO_WATER_RESERVOIR vs WIND_OFFSHORE average diff : -35413718.17109917\n",
      "HYDRO_WATER_RESERVOIR vs WIND_ONSHORE average diff : 21354.53652574372\n",
      "NUCLEAR vs BIOMASS average diff : -1118.6258675629665\n",
      "NUCLEAR vs FOSSIL_GAS average diff : -4546.632327906063\n",
      "NUCLEAR vs FOSSIL_HARD_COAL average diff : 1118.522883519937\n",
      "NUCLEAR vs FOSSIL_OIL average diff : 1118.522883519937\n",
      "NUCLEAR vs HYDRO_PUMPED_STORAGE average diff : 1118.522883519937\n",
      "NUCLEAR vs HYDRO_RUN_OF_RIVER_AND_POUNDAGE average diff : -127704.84962241913\n",
      "NUCLEAR vs HYDRO_WATER_RESERVOIR average diff : -22471.203457156575\n",
      "NUCLEAR vs SOLAR average diff : -1118.6258675629665\n",
      "NUCLEAR vs TOTAL average diff : 4950.18658752155\n",
      "NUCLEAR vs WASTE average diff : 1118.522883519937\n",
      "NUCLEAR vs WIND_OFFSHORE average diff : -35398259.74071325\n",
      "NUCLEAR vs WIND_ONSHORE average diff : -1118.6258675629665\n",
      "SOLAR vs FOSSIL_GAS average diff : -3428.3170002400857\n",
      "SOLAR vs FOSSIL_HARD_COAL average diff : 2237.045767039874\n",
      "SOLAR vs FOSSIL_OIL average diff : 2237.045767039874\n",
      "SOLAR vs HYDRO_PUMPED_STORAGE average diff : 2237.045767039874\n",
      "SOLAR vs HYDRO_RUN_OF_RIVER_AND_POUNDAGE average diff : -126597.78684767663\n",
      "SOLAR vs HYDRO_WATER_RESERVOIR average diff : -21354.53652574372\n",
      "SOLAR vs NUCLEAR average diff : 1118.6258675629665\n",
      "SOLAR vs TOTAL average diff : 6068.297579817995\n",
      "SOLAR vs WASTE average diff : 2237.045767039874\n",
      "SOLAR vs WIND_OFFSHORE average diff : -35399032.34170723\n",
      "TOTAL vs BIOMASS average diff : -6068.297579817995\n",
      "TOTAL vs FOSSIL_GAS average diff : -9494.751543984463\n",
      "TOTAL vs FOSSIL_HARD_COAL average diff : -3832.075595225105\n",
      "TOTAL vs FOSSIL_OIL average diff : -3832.075595225105\n",
      "TOTAL vs HYDRO_PUMPED_STORAGE average diff : -3832.075595225105\n",
      "TOTAL vs HYDRO_RUN_OF_RIVER_AND_POUNDAGE average diff : -132596.71344084849\n",
      "TOTAL vs HYDRO_WATER_RESERVOIR average diff : -27411.081771162953\n",
      "TOTAL vs NUCLEAR average diff : -4950.18658752155\n",
      "TOTAL vs SOLAR average diff : -6068.297579817995\n",
      "TOTAL vs WASTE average diff : -3832.075595225105\n",
      "TOTAL vs WIND_OFFSHORE average diff : -35394397.241559915\n",
      "TOTAL vs WIND_ONSHORE average diff : -6068.297579817995\n",
      "WASTE vs BIOMASS average diff : -2237.045767039874\n",
      "WASTE vs FOSSIL_GAS average diff : -5664.741701041053\n",
      "WASTE vs HYDRO_RUN_OF_RIVER_AND_POUNDAGE average diff : -128811.70693380476\n",
      "WASTE vs HYDRO_WATER_RESERVOIR average diff : -23587.664505990964\n",
      "WASTE vs NUCLEAR average diff : -1118.522883519937\n",
      "WASTE vs SOLAR average diff : -2237.045767039874\n",
      "WASTE vs TOTAL average diff : 3832.075595225105\n",
      "WASTE vs WIND_OFFSHORE average diff : -35397487.17344333\n",
      "WASTE vs WIND_ONSHORE average diff : -2237.045767039874\n",
      "WIND_OFFSHORE vs BIOMASS average diff : 35399032.34170723\n",
      "WIND_OFFSHORE vs FOSSIL_GAS average diff : 35401350.34705549\n",
      "WIND_OFFSHORE vs FOSSIL_HARD_COAL average diff : 35397487.17344333\n",
      "WIND_OFFSHORE vs FOSSIL_OIL average diff : 35397487.17344333\n",
      "WIND_OFFSHORE vs HYDRO_PUMPED_STORAGE average diff : 35397487.17344333\n",
      "WIND_OFFSHORE vs HYDRO_RUN_OF_RIVER_AND_POUNDAGE average diff : 35485777.591073185\n",
      "WIND_OFFSHORE vs HYDRO_WATER_RESERVOIR average diff : 35413718.17109917\n",
      "WIND_OFFSHORE vs NUCLEAR average diff : 35398259.74071325\n",
      "WIND_OFFSHORE vs SOLAR average diff : 35399032.34170723\n",
      "WIND_OFFSHORE vs TOTAL average diff : 35394397.241559915\n",
      "WIND_OFFSHORE vs WASTE average diff : 35397487.17344333\n",
      "WIND_OFFSHORE vs WIND_ONSHORE average diff : 35399032.34170723\n",
      "WIND_ONSHORE vs FOSSIL_GAS average diff : -3428.3170002400857\n",
      "WIND_ONSHORE vs FOSSIL_HARD_COAL average diff : 2237.045767039874\n",
      "WIND_ONSHORE vs FOSSIL_OIL average diff : 2237.045767039874\n",
      "WIND_ONSHORE vs HYDRO_PUMPED_STORAGE average diff : 2237.045767039874\n",
      "WIND_ONSHORE vs HYDRO_RUN_OF_RIVER_AND_POUNDAGE average diff : -126597.78684767663\n",
      "WIND_ONSHORE vs HYDRO_WATER_RESERVOIR average diff : -21354.53652574372\n",
      "WIND_ONSHORE vs NUCLEAR average diff : 1118.6258675629665\n",
      "WIND_ONSHORE vs TOTAL average diff : 6068.297579817995\n",
      "WIND_ONSHORE vs WASTE average diff : 2237.045767039874\n",
      "WIND_ONSHORE vs WIND_OFFSHORE average diff : -35399032.34170723\n",
      "[[ 0.00000000e+00 -1.57075200e+08  1.02499200e+08  1.02499200e+08\n",
      "   1.02499200e+08 -5.80033080e+09 -9.78400800e+08  5.12532000e+07\n",
      "   0.00000000e+00  2.78067600e+08  1.02499200e+08 -1.62187746e+12\n",
      "   0.00000000e+00]\n",
      " [ 1.57075200e+08  0.00000000e+00  2.59552800e+08  2.59552800e+08\n",
      "   2.59552800e+08 -5.64443280e+09 -8.21498400e+08  2.08317600e+08\n",
      "   1.57075200e+08  4.35078000e+08  2.59552800e+08 -1.62187746e+12\n",
      "   1.57075200e+08]\n",
      " [-1.02499200e+08 -2.59552800e+08  0.00000000e+00  0.00000000e+00\n",
      "   0.00000000e+00 -5.90202360e+09 -1.08076320e+09 -5.12496000e+07\n",
      "  -1.02499200e+08  1.75597200e+08  0.00000000e+00 -1.62187746e+12\n",
      "  -1.02499200e+08]\n",
      " [-1.02499200e+08 -2.59552800e+08  0.00000000e+00  0.00000000e+00\n",
      "   0.00000000e+00 -5.90202360e+09 -1.08076320e+09 -5.12496000e+07\n",
      "  -1.02499200e+08  1.75597200e+08  0.00000000e+00 -1.62187746e+12\n",
      "  -1.02499200e+08]\n",
      " [-1.02499200e+08 -2.59552800e+08  0.00000000e+00  0.00000000e+00\n",
      "   0.00000000e+00 -5.90202360e+09 -1.08076320e+09 -5.12496000e+07\n",
      "  -1.02499200e+08  1.75597200e+08  0.00000000e+00 -1.62187746e+12\n",
      "  -1.02499200e+08]\n",
      " [ 5.80033080e+09  5.64443280e+09  5.90202360e+09  5.90202360e+09\n",
      "   5.90202360e+09  0.00000000e+00  4.82829120e+09  5.85118080e+09\n",
      "   5.80033080e+09  6.07597920e+09  5.90202360e+09 -1.62187746e+12\n",
      "   5.80033080e+09]\n",
      " [ 9.78400800e+08  8.21498400e+08  1.08076320e+09  1.08076320e+09\n",
      "   1.08076320e+09 -4.82829120e+09  0.00000000e+00  1.02958560e+09\n",
      "   9.78400800e+08  1.25605800e+09  1.08076320e+09 -1.62187746e+12\n",
      "   9.78400800e+08]\n",
      " [-5.12532000e+07 -2.08317600e+08  5.12496000e+07  5.12496000e+07\n",
      "   5.12496000e+07 -5.85118080e+09 -1.02958560e+09  0.00000000e+00\n",
      "  -5.12532000e+07  2.26832400e+08  5.12496000e+07 -1.62187746e+12\n",
      "  -5.12532000e+07]\n",
      " [ 0.00000000e+00 -1.57075200e+08  1.02499200e+08  1.02499200e+08\n",
      "   1.02499200e+08 -5.80033080e+09 -9.78400800e+08  5.12532000e+07\n",
      "   0.00000000e+00  2.78067600e+08  1.02499200e+08 -1.62187746e+12\n",
      "   0.00000000e+00]\n",
      " [-2.78067600e+08 -4.35078000e+08 -1.75597200e+08 -1.75597200e+08\n",
      "  -1.75597200e+08 -6.07597920e+09 -1.25605800e+09 -2.26832400e+08\n",
      "  -2.78067600e+08  0.00000000e+00 -1.75597200e+08 -1.62187746e+12\n",
      "  -2.78067600e+08]\n",
      " [-1.02499200e+08 -2.59552800e+08  0.00000000e+00  0.00000000e+00\n",
      "   0.00000000e+00 -5.90202360e+09 -1.08076320e+09 -5.12496000e+07\n",
      "  -1.02499200e+08  1.75597200e+08  0.00000000e+00 -1.62187746e+12\n",
      "  -1.02499200e+08]\n",
      " [ 1.62187746e+12  1.62187746e+12  1.62187746e+12  1.62187746e+12\n",
      "   1.62187746e+12  1.62187746e+12  1.62187746e+12  1.62187746e+12\n",
      "   1.62187746e+12  1.62187746e+12  1.62187746e+12  0.00000000e+00\n",
      "   1.62187746e+12]\n",
      " [ 0.00000000e+00 -1.57075200e+08  1.02499200e+08  1.02499200e+08\n",
      "   1.02499200e+08 -5.80033080e+09 -9.78400800e+08  5.12532000e+07\n",
      "   0.00000000e+00  2.78067600e+08  1.02499200e+08 -1.62187746e+12\n",
      "   0.00000000e+00]]\n"
     ]
    }
   ],
   "source": [
    "import pandas as pd\n",
    "import os\n",
    "import numpy as np\n",
    "\n",
    "datasets_path = \"data/energy\"\n",
    "csv_files: list[str] = []\n",
    "for root, dirs, files in os.walk(datasets_path):\n",
    "    for file in files:\n",
    "        if file.endswith(\".csv\"):\n",
    "            csv_files.append(os.path.join(root, file))\n",
    "\n",
    "data = dict()\n",
    "for file in csv_files:\n",
    "    data[file.split('/')[-1].split('.')[0]] = pd.read_csv(file, index_col=0)\n",
    "\n",
    "\n",
    "# Check that the timestamps are the same for all recordings\n",
    "key = 'start'\n",
    "t_diff = np.zeros((len(data), len(data)))\n",
    "for i, (production_type_A,data_A) in enumerate(data.items()):\n",
    "    for j, (production_type_B,data_B) in enumerate(data.items()):\n",
    "        try :\n",
    "            d = data_A[key] - data_B[key]\n",
    "            total_diff = np.sum(d)\n",
    "            average_diff = total_diff/len(d)\n",
    "            t_diff[i, j] = total_diff\n",
    "            if total_diff != 0:\n",
    "                print(f\"{production_type_A} vs {production_type_B} average diff : {average_diff}\")\n",
    "        except KeyError as e:\n",
    "            print(production_type_A)\n",
    "\n",
    "print(t_diff)"
   ]
  },
  {
   "cell_type": "code",
   "execution_count": 17,
   "id": "fe8a06fd",
   "metadata": {},
   "outputs": [
    {
     "data": {
      "text/html": [
       "<div>\n",
       "<style scoped>\n",
       "    .dataframe tbody tr th:only-of-type {\n",
       "        vertical-align: middle;\n",
       "    }\n",
       "\n",
       "    .dataframe tbody tr th {\n",
       "        vertical-align: top;\n",
       "    }\n",
       "\n",
       "    .dataframe thead th {\n",
       "        text-align: right;\n",
       "    }\n",
       "</style>\n",
       "<table border=\"1\" class=\"dataframe\">\n",
       "  <thead>\n",
       "    <tr style=\"text-align: right;\">\n",
       "      <th></th>\n",
       "      <th>Time</th>\n",
       "      <th>BIOMASS</th>\n",
       "      <th>FOSSIL_GAS</th>\n",
       "      <th>FOSSIL_HARD_COAL</th>\n",
       "      <th>FOSSIL_OIL</th>\n",
       "      <th>HYDRO_PUMPED_STORAGE</th>\n",
       "      <th>HYDRO_RUN_OF_RIVER_AND_POUNDAGE</th>\n",
       "      <th>HYDRO_WATER_RESERVOIR</th>\n",
       "      <th>NUCLEAR</th>\n",
       "      <th>SOLAR</th>\n",
       "      <th>TOTAL</th>\n",
       "      <th>WASTE</th>\n",
       "      <th>WIND_OFFSHORE</th>\n",
       "      <th>WIND_ONSHORE</th>\n",
       "    </tr>\n",
       "  </thead>\n",
       "  <tbody>\n",
       "    <tr>\n",
       "      <th>0</th>\n",
       "      <td>1.577833e+09</td>\n",
       "      <td>347.0</td>\n",
       "      <td>6483.0</td>\n",
       "      <td>44.0</td>\n",
       "      <td>195.0</td>\n",
       "      <td>253.0</td>\n",
       "      <td>6139.0</td>\n",
       "      <td>2637.0</td>\n",
       "      <td>49003.0</td>\n",
       "      <td>0.0</td>\n",
       "      <td>68679</td>\n",
       "      <td>217.0</td>\n",
       "      <td>-4.0</td>\n",
       "      <td>3361.0</td>\n",
       "    </tr>\n",
       "    <tr>\n",
       "      <th>1</th>\n",
       "      <td>1.577837e+09</td>\n",
       "      <td>348.0</td>\n",
       "      <td>5576.0</td>\n",
       "      <td>44.0</td>\n",
       "      <td>203.0</td>\n",
       "      <td>374.0</td>\n",
       "      <td>5920.0</td>\n",
       "      <td>2359.0</td>\n",
       "      <td>49462.0</td>\n",
       "      <td>0.0</td>\n",
       "      <td>67312</td>\n",
       "      <td>216.0</td>\n",
       "      <td>445.0</td>\n",
       "      <td>2810.0</td>\n",
       "    </tr>\n",
       "    <tr>\n",
       "      <th>2</th>\n",
       "      <td>1.577840e+09</td>\n",
       "      <td>347.0</td>\n",
       "      <td>4257.0</td>\n",
       "      <td>44.0</td>\n",
       "      <td>203.0</td>\n",
       "      <td>-95.0</td>\n",
       "      <td>5793.0</td>\n",
       "      <td>1765.0</td>\n",
       "      <td>49565.0</td>\n",
       "      <td>0.0</td>\n",
       "      <td>64750</td>\n",
       "      <td>216.0</td>\n",
       "      <td>423.0</td>\n",
       "      <td>2655.0</td>\n",
       "    </tr>\n",
       "    <tr>\n",
       "      <th>3</th>\n",
       "      <td>1.577844e+09</td>\n",
       "      <td>348.0</td>\n",
       "      <td>2874.0</td>\n",
       "      <td>44.0</td>\n",
       "      <td>201.0</td>\n",
       "      <td>-868.0</td>\n",
       "      <td>5559.0</td>\n",
       "      <td>1296.0</td>\n",
       "      <td>49580.0</td>\n",
       "      <td>0.0</td>\n",
       "      <td>61987</td>\n",
       "      <td>217.0</td>\n",
       "      <td>346.0</td>\n",
       "      <td>2736.0</td>\n",
       "    </tr>\n",
       "    <tr>\n",
       "      <th>4</th>\n",
       "      <td>1.577848e+09</td>\n",
       "      <td>348.0</td>\n",
       "      <td>2823.0</td>\n",
       "      <td>44.0</td>\n",
       "      <td>200.0</td>\n",
       "      <td>-2443.0</td>\n",
       "      <td>5400.0</td>\n",
       "      <td>960.0</td>\n",
       "      <td>49271.0</td>\n",
       "      <td>0.0</td>\n",
       "      <td>59451</td>\n",
       "      <td>217.0</td>\n",
       "      <td>354.0</td>\n",
       "      <td>2631.0</td>\n",
       "    </tr>\n",
       "    <tr>\n",
       "      <th>...</th>\n",
       "      <td>...</td>\n",
       "      <td>...</td>\n",
       "      <td>...</td>\n",
       "      <td>...</td>\n",
       "      <td>...</td>\n",
       "      <td>...</td>\n",
       "      <td>...</td>\n",
       "      <td>...</td>\n",
       "      <td>...</td>\n",
       "      <td>...</td>\n",
       "      <td>...</td>\n",
       "      <td>...</td>\n",
       "      <td>...</td>\n",
       "      <td>...</td>\n",
       "    </tr>\n",
       "    <tr>\n",
       "      <th>45818</th>\n",
       "      <td>NaN</td>\n",
       "      <td>NaN</td>\n",
       "      <td>NaN</td>\n",
       "      <td>0.0</td>\n",
       "      <td>616.0</td>\n",
       "      <td>2448.0</td>\n",
       "      <td>NaN</td>\n",
       "      <td>NaN</td>\n",
       "      <td>NaN</td>\n",
       "      <td>NaN</td>\n",
       "      <td>57348</td>\n",
       "      <td>323.0</td>\n",
       "      <td>NaN</td>\n",
       "      <td>NaN</td>\n",
       "    </tr>\n",
       "    <tr>\n",
       "      <th>45819</th>\n",
       "      <td>NaN</td>\n",
       "      <td>NaN</td>\n",
       "      <td>NaN</td>\n",
       "      <td>NaN</td>\n",
       "      <td>NaN</td>\n",
       "      <td>NaN</td>\n",
       "      <td>NaN</td>\n",
       "      <td>NaN</td>\n",
       "      <td>NaN</td>\n",
       "      <td>NaN</td>\n",
       "      <td>57824</td>\n",
       "      <td>NaN</td>\n",
       "      <td>NaN</td>\n",
       "      <td>NaN</td>\n",
       "    </tr>\n",
       "    <tr>\n",
       "      <th>45820</th>\n",
       "      <td>NaN</td>\n",
       "      <td>NaN</td>\n",
       "      <td>NaN</td>\n",
       "      <td>NaN</td>\n",
       "      <td>NaN</td>\n",
       "      <td>NaN</td>\n",
       "      <td>NaN</td>\n",
       "      <td>NaN</td>\n",
       "      <td>NaN</td>\n",
       "      <td>NaN</td>\n",
       "      <td>57544</td>\n",
       "      <td>NaN</td>\n",
       "      <td>NaN</td>\n",
       "      <td>NaN</td>\n",
       "    </tr>\n",
       "    <tr>\n",
       "      <th>45821</th>\n",
       "      <td>NaN</td>\n",
       "      <td>NaN</td>\n",
       "      <td>NaN</td>\n",
       "      <td>NaN</td>\n",
       "      <td>NaN</td>\n",
       "      <td>NaN</td>\n",
       "      <td>NaN</td>\n",
       "      <td>NaN</td>\n",
       "      <td>NaN</td>\n",
       "      <td>NaN</td>\n",
       "      <td>57494</td>\n",
       "      <td>NaN</td>\n",
       "      <td>NaN</td>\n",
       "      <td>NaN</td>\n",
       "    </tr>\n",
       "    <tr>\n",
       "      <th>45822</th>\n",
       "      <td>NaN</td>\n",
       "      <td>NaN</td>\n",
       "      <td>NaN</td>\n",
       "      <td>NaN</td>\n",
       "      <td>NaN</td>\n",
       "      <td>NaN</td>\n",
       "      <td>NaN</td>\n",
       "      <td>NaN</td>\n",
       "      <td>NaN</td>\n",
       "      <td>NaN</td>\n",
       "      <td>57359</td>\n",
       "      <td>NaN</td>\n",
       "      <td>NaN</td>\n",
       "      <td>NaN</td>\n",
       "    </tr>\n",
       "  </tbody>\n",
       "</table>\n",
       "<p>45823 rows × 14 columns</p>\n",
       "</div>"
      ],
      "text/plain": [
       "               Time  BIOMASS  FOSSIL_GAS  FOSSIL_HARD_COAL  FOSSIL_OIL  \\\n",
       "0      1.577833e+09    347.0      6483.0              44.0       195.0   \n",
       "1      1.577837e+09    348.0      5576.0              44.0       203.0   \n",
       "2      1.577840e+09    347.0      4257.0              44.0       203.0   \n",
       "3      1.577844e+09    348.0      2874.0              44.0       201.0   \n",
       "4      1.577848e+09    348.0      2823.0              44.0       200.0   \n",
       "...             ...      ...         ...               ...         ...   \n",
       "45818           NaN      NaN         NaN               0.0       616.0   \n",
       "45819           NaN      NaN         NaN               NaN         NaN   \n",
       "45820           NaN      NaN         NaN               NaN         NaN   \n",
       "45821           NaN      NaN         NaN               NaN         NaN   \n",
       "45822           NaN      NaN         NaN               NaN         NaN   \n",
       "\n",
       "       HYDRO_PUMPED_STORAGE  HYDRO_RUN_OF_RIVER_AND_POUNDAGE  \\\n",
       "0                     253.0                           6139.0   \n",
       "1                     374.0                           5920.0   \n",
       "2                     -95.0                           5793.0   \n",
       "3                    -868.0                           5559.0   \n",
       "4                   -2443.0                           5400.0   \n",
       "...                     ...                              ...   \n",
       "45818                2448.0                              NaN   \n",
       "45819                   NaN                              NaN   \n",
       "45820                   NaN                              NaN   \n",
       "45821                   NaN                              NaN   \n",
       "45822                   NaN                              NaN   \n",
       "\n",
       "       HYDRO_WATER_RESERVOIR  NUCLEAR  SOLAR  TOTAL  WASTE  WIND_OFFSHORE  \\\n",
       "0                     2637.0  49003.0    0.0  68679  217.0           -4.0   \n",
       "1                     2359.0  49462.0    0.0  67312  216.0          445.0   \n",
       "2                     1765.0  49565.0    0.0  64750  216.0          423.0   \n",
       "3                     1296.0  49580.0    0.0  61987  217.0          346.0   \n",
       "4                      960.0  49271.0    0.0  59451  217.0          354.0   \n",
       "...                      ...      ...    ...    ...    ...            ...   \n",
       "45818                    NaN      NaN    NaN  57348  323.0            NaN   \n",
       "45819                    NaN      NaN    NaN  57824    NaN            NaN   \n",
       "45820                    NaN      NaN    NaN  57544    NaN            NaN   \n",
       "45821                    NaN      NaN    NaN  57494    NaN            NaN   \n",
       "45822                    NaN      NaN    NaN  57359    NaN            NaN   \n",
       "\n",
       "       WIND_ONSHORE  \n",
       "0            3361.0  \n",
       "1            2810.0  \n",
       "2            2655.0  \n",
       "3            2736.0  \n",
       "4            2631.0  \n",
       "...             ...  \n",
       "45818           NaN  \n",
       "45819           NaN  \n",
       "45820           NaN  \n",
       "45821           NaN  \n",
       "45822           NaN  \n",
       "\n",
       "[45823 rows x 14 columns]"
      ]
     },
     "execution_count": 17,
     "metadata": {},
     "output_type": "execute_result"
    }
   ],
   "source": [
    "# Fuse data into 1 dataframe\n",
    "fused_dataframe = pd.DataFrame({\n",
    "    **{'Time': data['SOLAR']['start']},\n",
    "    **{k: v['values'] for k, v in data.items()}\n",
    "})\n",
    "fused_dataframe"
   ]
  },
  {
   "cell_type": "code",
   "execution_count": 21,
   "id": "9be66452",
   "metadata": {},
   "outputs": [
    {
     "data": {
      "application/vnd.jupyter.widget-view+json": {
       "model_id": "bc442a5c13eb480a9f55c0e306de2aa1",
       "version_major": 2,
       "version_minor": 0
      },
